11
13
16
17
18
20
21
22
24
25
26
27
28
29
31
34
35
37
40
41
43
44
47
53
54
60
61
62
63
64
66
68
69
70
72
73
74
75
76
81
85
86
88
89
100
103
104
106
107
108
110
111
114
115
116
117
121
122
125
127
129
130
131
132
135
136
139
142
145
146
149
150
152
156
158
163
165
166
170
171
176
177
178
179
180
181
182
183
184
185
190
191
192
193
194
197
200
206
208
209
210
211
212
215
217
218
219
220
221
223
224
226
229
230
232
233
235
236
237
238
240
241
243
253
254
258
263
265
270
272
273
274
276
277
278
279
280
281
282
283
284
285
286
287
288
289
292
293
294
295
296
297
298
299
300
301
302
303
304
305
306
307
308
309
310
311
312
313
314
315
316
317
318
319
320
323
324
325
326
327
328
329
330
331
333
334
335
336
337
338
339
340
342
343
344
345
347
348
350
352
353
354
357
358
359
360
361
362
363
364
366
367
369
370
371
372
373
374
375
376
378
379
380
381
382
383
384
385
386
387
388
389
392
393
394
395
396
397
400
402
404
405
406
407
410
411
417
420
421
428
429
430
432
433
435
436
437
440
441
442
445
447
449
450
452
453
454
456
461
462
464
465
466
468
469
472
477
478
479
480
481
482
483
486
487
489
490
495
496
497
498
503
504
505
507
511
513
520
524
525
530
531
532
537
542
543
544
545
546
547
549
550
551
552
553
554
555
557
558
559
560
562
563
564
566
571
572
575
577
581
582
585
586
587
588
590
591
592
593
594
595
596
597
598
599
600
601
602
603
604
605
606
607
608
611
612
615
616
617
618
619
621
622
623
624
627
629
630
631
632
633
638
640
641
642
643
644
645
646
648
651
654
658
659
660
662
665
672
673
674
676
677
678
681
682
683
685
687
688
691
693
694
701
704
705
706
708
711
712
713
717
718
719
722
724
726
727
729
730
731
732
737
740
741
745
749
750
751
752
753
755
756
757
758
759
760
761
762
763
764
765
766
767
768
769
770
771
772
773
774
775
776
777
778
779
780
781
782
783
784
785
786
787
788
791
792
794
796
797
798
799
801
802
803
804
805
806
807
809
810
811
812
813
814
815
816
817
818
819
820
821
822
824
825
826
827
828
829
831
832
833
834
835
837
838
839
840
841
842
843
844
846
847
848
849
850
851
852
853
854
855
856
857
858
859
860
861
862
863
864
865
866
867
871
874
875
879
882
884
885
886
887
888
890
891
893
894
895
896
898
901
905
906
907
910
912
915
917
918
919
920
921
922
923
924
925
926
927
928
929
930
932
933
934
935
937
939
940
941
942
943
945
946
947
949
950
951
952
953
954
955
956
957
958
959
960
961
962
963
964
965
966
967
968
969
970
971
972
973
974
975
976
977
978
979
980
981
982
983
984
985
986
987
988
989
990
991
992
993
994
995
996
997
998
3011
3013
3016
3017
3018
3020
3021
3022
3024
3025
3026
3027
3028
3029
3031
3034
3035
3037
3040
3041
3043
3044
3047
3053
3054
3060
3061
3063
3065
3066
3068
3069
3070
3071
3074
3075
3076
3077
3079
3081
3082
3085
3086
3100
3101
3102
3103
3104
3106
3107
3108
3109
3110
3111
3112
3114
3115
3116
3117
3118
3119
3120
3121
3122
3125
3127
3129
3131
3132
3135
3136
3139
3142
3145
3146
3149
3150
3152
3156
3158
3163
3165
3166
3171
3176
3177
3178
3179
3181
3185
3190
3191
3192
3193
3194
3197
3199
3200
3206
3207
3208
3209
3210
3211
3212
3215
3217
3220
3221
3222
3223
3224
3226
3229
3230
3232
3233
3235
3236
3237
3238
3240
3241
3243
3253
3254
3258
3263
3265
3270
3271
3272
3276
3277
3278
3279
3280
3281
3283
3284
3285
3286
3287
3288
3292
3293
3294
3295
3296
3297
3298
3300
3301
3302
3304
3306
3307
3309
3310
3311
3312
3313
3314
3315
3317
3319
3321
3323
3324
3325
3326
3327
3328
3329
3331
3332
3333
3334
3335
3336
3337
3338
3339
3341
3342
3343
3346
3347
3348
3349
3350
3352
3354
3357
3358
3359
3361
3362
3363
3364
3366
3367
3369
3370
3372
3373
3374
3375
3376
3379
3381
3382
3383
3384
3385
3386
3387
3388
3392
3393
3394
3395
3396
3397
3400
3404
3405
3406
3407
3411
3417
3421
3424
3428
3429
3431
3433
3435
3437
3440
3441
3442
3445
3447
3449
3450
3452
3453
3454
3456
3461
3462
3463
3464
3465
3466
3468
3469
3471
3472
3473
3477
3478
3479
3481
3482
3483
3484
3485
3487
3489
3491
3495
3496
3497
3498
3503
3504
3505
3507
3511
3513
3521
3524
3525
3530
3532
3537
3542
3543
3544
3545
3546
3547
3549
3552
3553
3554
3557
3558
3559
3561
3562
3563
3564
3566
3571
3572
3575
3577
3581
3582
3585
3586
3587
3588
3591
3592
3593
3594
3595
3596
3597
3598
3599
3600
3601
3602
3603
3604
3605
3606
3607
3608
3609
3611
3612
3616
3617
3618
3623
3624
3627
3628
3630
3631
3632
3633
3638
3640
3642
3643
3645
3646
3648
3651
3654
3658
3660
3665
3672
3673
3674
3676
3678
3681
3682
3683
3685
3687
3688
3691
3693
3701
3704
3705
3706
3708
3711
3712
3713
3717
3718
3719
3722
3724
3726
3727
3729
3730
3731
3732
3737
3740
3741
3745
3749
3751
3752
3754
3755
3756
3757
3759
3760
3761
3763
3764
3766
3767
3768
3769
3770
3771
3772
3773
3774
3775
3776
3777
3778
3779
3780
3781
3782
3783
3784
3785
3786
3787
3788
3791
3792
3794
3796
3797
3798
3799
3801
3802
3803
3804
3805
3806
3807
3809
3810
3811
3812
3814
3815
3816
3817
3819
3820
3821
3822
3824
3825
3826
3827
3828
3829
3832
3833
3834
3835
3837
3838
3839
3840
3842
3843
3846
3847
3848
3849
3851
3852
3853
3854
3856
3857
3858
3859
3860
3861
3863
3864
3865
3866
3867
3871
3874
3875
3879
3882
3884
3885
3891
3895
3898
3901
3905
3906
3908
3909
3910
3912
3913
3914
3915
3917
3918
3919
3920
3921
3922
3925
3926
3927
3928
3931
3933
3934
3935
3937
3939
3940
3941
3942
3943
3945
3946
3947
3949
3950
3951
3952
3954
3955
3956
3957
3959
3961
3963
3968
3970
3971
3972
3973
3974
3975
3976
3977
3978
3979
3980
3981
3982
3983
3985
3986
3988
3989
3990
3991
3992
3993
3994
3995
5015
5087
5150
5185
5213
5254
5281
5303
5327
5336
5379
5431
5436
5465
5481
5531
5552
5631
5648
5751
5771
5802
5837
5843
5854
5902
5929
5958
5983
5996