033
848
801
406
389
381
194
181
212
995
235
237
597
461
374
996
343
496
16
481
454
651
878
992
293
480
708
466
468
486
490
382
370
388
357
033
585
358
363
462
480
560
490
480
135
490
382
310
704
704
373
600
410
461
331
801
480
596
450
373
374
704
480
278
846
803
665
3118
757
772
704
130
727
374
842
3193
3194
3181
209
210
220
374
3605
729
727
658
643
745
396
392
708
712
396
392
708
712
280
268
975
783
778
771
766
483
722
472
705
701
704
633
704
394
483
410
333
601
553
480
520
461
835
778
752
286
480
704
31
919
229
608
16
989
462
484
286
122
961
122
701
704
191
513
292
481
727
366
325
989
481
553
273
754
31
481
801
145
982
837
963
311
339
311
762
585
122
292
939
311
464
462
469
606
610
617
464
483
554
373
374
334
3334
947
305
0135
956
837
420
489
185
320
0329
612
708
122
3122
612
507
466
75
988
135
838
464
606
610
462
752
761
762
764
343
989
919
631
633
594
591
588
461
588
603
292
16
296
0495
786
6163
6164
701
704
481
704
957
606
608
520
129
110
185
217
292
116
88
530
388
293
293
3119
16
441
263
440
596
480
441
441
0343
480
3775
428
430
263
197
665
453
454
402
373
374
450
597
596
937
705
292
3601
130
131
0284
20
293
633
801
462
631
956
6162
6163
952
701
701
704
74
130
511
553
608
762
935
429
607
395
395
599
466
486
490
480
483
301
357
704
3601
601
490
43
75
484
217
190
74
108
181
75
74
75
311
181
185
182
722
925
520
481
464
480
681
310
704
3207
208
212
343
341
560
388
480
992
3803
818
278
283
284
285
803
818
818
480
892
973
454
454
363
611
632
916
974
496
495
466
496
598
300
329
296
631
600
601
3605
607
122
952
3112
551
553
489
379
520
397
286
803
343
712
818